42.1525	30.8495
41.9629	38.1839
46.9707	67.0085
50.2807	11.6573
33.8144	34.0065
33.86	39.3802
42.973	51.7959
34.153	10.7742
44.0196	22.7637
33.9999	44.5015
45.5133	61.2399
33.853	59.9264
55.953	64.6527
39.5366	36.0863
35.1043	60.2432
35.3246	52.99
33.7856	42.919
45.3502	60.3605
40.2123	30.6866
54.8625	25.6042
39.3339	80.217
34.0545	46.3957
45.2064	49.4967
44.7209	24.236
49.7706	40.9853
24.4192	57.0054
53.7062	52.5251
48.7375	73.7084
33.8379	74.1065
50.9407	54.2652
34.638	33.6623
34.7844	82.1304
36.3333	59.8924
52.3138	55.2264
33.9394	58.1231
35.6011	52.5652
35.657	11.2126
36.9319	62.2527
34.0244	28.3025
34.4205	40.4984
56.3508	74.1348
45.299	23.7179
40.8166	57.0086
35.1783	53.7623
33.9439	71.7846
33.928	27.9904
34.9885	46.666
37.5855	35.6884
33.8221	67.0744
46.017	61.4572
42.7418	25.6229
45.7138	62.6552
42.8635	84.1953
34.0148	11.7917
45.1204	56.5538
39.125	81.2137
33.8259	60.0647
35.7697	40.8869
33.7723	10.9249
35.4898	11.3356
34.5605	31.541
33.8433	67.8086
59.0137	36.1136
34.3892	49.045
34.3824	32.1154
36.2144	46.5799
45.4425	12.6586
34.4386	28.1294
42.8054	67.9002
33.8019	29.9141
34.335	45.2254
34.6358	30.4395
49.3058	46.5521
38.8013	48.8136
35.6798	50.0318
34.2919	28.0926
33.9567	34.5475
34.0455	33.4498
34.0661	11.7853
34.0912	74.8381
41.4314	63.3971
34.2289	16.4125
51.841	17.2014
37.2992	65.101
38.78	34.2992
37.2435	38.0684
33.9253	41.5152
40.3876	41.4083
38.2294	48.7578
35.2141	62.1616
40.4083	51.4677
38.7844	29.6303
36.5011	79.2943
33.8005	74.4217
36.5977	20.4875
41.7083	61.4062
33.8026	14.2881
35.9497	11.1152
47.5983	52.867
49.4991	19.4266
45.66	20.1859
34.9605	72.4669
38.026	77.1746
41.3873	50.8461
43.1453	75.2816
39.0035	52.4671
39.9108	77.6736
39.2327	36.9872
39.5785	66.6691
33.8074	21.5676
34.399	38.0635
46.5709	23.3975
34.1008	44.9438
33.7749	25.9605
35.5785	45.4133
44.0181	59.2134
36.1869	55.8939
34.5967	35.1845
56.6401	45.0004
34.0105	25.6824
33.7959	35.1723
36.8576	65.1647
36.3218	38.7573
36.9702	59.5132
34.8539	72.5469
37.978	34.7809
36.1269	25.9722
55.8057	22.4629
35.6754	82.5499
34.229	15.1841
33.7723	42.1085
34.1623	61.2106
33.9926	36.3484
33.954	26.0262
37.8487	42.3092
33.82	41.7358
34.5785	12.5772
34.2919	39.1101
62.0186	69.1689
57.7771	67.1329
50.9946	73.4866
33.9633	62.6213
53.0308	11.437
33.7894	30.1983
33.7967	33.8152
36.9057	63.5553
34.0759	12.029
33.805	41.4836
47.1925	54.5878
43.2268	22.173
33.7722	54.424
35.3077	38.5663
35.8383	43.096
39.4966	10.8443
36.6304	6.07556
43.1094	30.4896
34.0468	73.7798
38.7494	51.0211
33.7727	35.9502
33.8083	64.8612
38.176	61.6993
42.4994	60.0123
34.4755	56.65
33.8704	50.1425
35.553	48.8595
45.9932	30.9269
35.2844	77.8725
33.9149	40.7686
35.3419	56.243
33.796	44.1999
34.4977	38.4336
37.0352	56.9709
33.8103	29.3269
36.5778	59.9844
35.8407	15.1483
42.8213	35.2292
43.745	29.5951
52.649	26.4876
33.9591	53.3665
33.9173	41.8907
33.8737	32.9273
39.8211	23.13
44.334	40.5281
34.0482	41.0567
33.7745	72.8865
34.043	85.5324
39.8656	35.2955
34.933	38.2445
48.2518	39.9998
34.4956	34.7913
33.8696	75.9233
39.618	69.6592
42.1646	34.5683
40.4545	78.4725
39.6522	78.6972
33.8002	8.73573
33.8333	59.5609
35.3802	20.9305
37.6309	74.8969
34.4214	15.9792
45.3272	29.3695
33.7749	35.4814
36.526	29.9144
39.3415	47.4015
34.3235	56.8714
34.2934	60.9153
37.6696	69.0455
18.8841	67.287
43.8015	58.6496
36.7859	18.5876
36.4573	83.0949
46.4208	56.4126
43.2387	66.7337
33.773	21.8891
37.623	19.3636
40.8904	63.5199
40.3603	53.6411
33.8153	42.0378
34.1	63.2732
33.787	51.4552
34.0527	72.7417
36.9959	20.6546
33.7728	57.1578
33.7811	31.5001
42.736	61.6059
25.6408	46.863
34.3069	58.5766
35.0441	53.1938
45.7082	10.6381
33.9327	64.8157
37.1386	62.0832
48.3082	52.5987
36.456	63.5657
33.9146	9.18148
39.9446	74.2547
59.5287	88.2862
39.8108	30.8287
39.8788	12.6402
35.4968	46.9316
50.6832	31.7713
35.0389	60.2639
34.1954	53.9652
33.7974	11.9873
39.1989	58.2431
48.2619	64.8331
33.773	42.7278
49.3849	35.4938
34.0749	51.2963
43.7674	55.9701
38.9987	61.4963
34.8976	37.1514
49.1657	39.7026
40.393	84.6775
42.0035	86.4673
47.3468	16.1343
39.4204	51.2014
35.5173	26.6732
37.1936	21.5388
37.7383	25.66
33.772	56.5526
38.3701	29.5603
45.9266	23.6694
39.3764	48.1985
43.0576	56.3494
51.6714	19.0651
33.8112	35.9776
42.1416	64.954
45.2034	51.1584
34.1409	42.8201
34.3436	16.2709
37.2825	23.434
34.8876	59.3263
36.1912	26.1776
62.3675	47.4529
33.7741	66.5607
33.8403	15.5767
38.4284	35.5534
38.6826	55.3248
34.989	47.3346
35.9794	57.9328
36.9531	61.8559
34.0028	55.4935
33.7934	73.1065
36.7223	13.6844
33.8252	3.66252
36.0263	62.9955
34.2771	65.1822
33.7823	45.2944
33.7969	13.5823
34.0007	23.6626
35.026	29.1242
35.4623	36.5118
34.3408	54.8068
33.9637	64.3672
37.5969	50.1036
38.6221	28.4147
35.4149	74.2855
33.8104	76.0775
40.6662	32.0955
37.1108	2.77643
34.0026	16.4344
35.5318	25.1102
33.9689	37.1164
33.7871	42.2633
33.772	31.621
36.0296	15.5008
37.4572	14.7555
33.8481	68.6332
34.3154	46.6518
35.0995	55.2983
45.1801	75.6614
45.2513	43.7109
34.3598	52.9643
43.633	42.5799
48.4157	83.6987
38.9077	33.9106
33.794	63.3771
35.5635	78.0557
39.4593	39.5516
38.4578	35.5586
35.2107	31.6912
36.0795	29.5661
38.4478	39.7463
45.8751	47.2396
34.8154	6.86499
52.9048	70.0395
38.8524	54.943
36.4302	10.1352
39.1746	76.2835
33.9179	19.7838
34.5989	52.2931
40.274	30.5087
40.1605	55.6475
34.6685	70.6444
33.8248	23.7697
45.3302	75.5678
39.5049	3.79407
36.7818	33.3117
37.5373	31.4896
43.9932	39.7317
39.5063	48.0667
36.4838	53.179
36.2902	39.8948
33.8266	18.3438
33.9533	58.7523
43.5275	16.8151
38.7618	33.0202
34.7999	40.5625
35.7768	80.2636
37.6611	22.3136
56.8124	50.8799
39.6542	61.4438
40.5212	55.1988
34.3038	50.9514
38.5806	21.2943
40.7894	42.4977
50.1566	47.7155
33.8715	52.4279
36.8949	46.8009
43.2555	13.2566
36.7264	53.3982
33.8916	44.6833
35.1909	31.289
38.8371	43.5436
33.8637	76.756
33.8012	62.4012
36.938	73.9764
37.9433	45.6182
53.4952	25.9709
35.2789	67.3353
47.471	14.4605
44.6955	50.9674
38.7516	32.8907
37.1233	31.0668
35.9531	33.2862
37.1248	29.3206
39.0068	66.0835
36.5092	34.1393
47.4855	19.0219
50.6306	69.4305
34.1186	33.209
33.7868	38.4647
47.4742	58.7092
33.9063	57.4538
33.8033	18.2041
37.2399	32.3269
40.9779	52.2941
37.911	46.9929
40.2045	38.2324
34.3432	69.0583
37.0898	19.2967
38.2354	60.8822
34.9999	39.5959
49.0471	77.2515
36.1279	31.9087
48.6441	75.1319
34.2613	47.6638
49.0776	76.9002
33.7932	33.4124
34.8336	29.7872
35.7437	39.4118
38.1397	65.3698
33.8371	47.8287
35.4892	77.401
36.7152	10.6252
52.086	54.8021
44.6676	41.6995
34.1551	51.53
40.5141	49.0363
59.133	42.2905
40.3386	37.7756
38.1744	73.5795
33.7931	58.4093
61.0938	6.33795
36.0751	19.2911
37.3582	64.1271
34.0852	24.6341
33.7785	40.6684
33.8874	9.53275
34.6052	30.3595
37.9472	56.7535
34.5979	53.5146
41.3402	59.4654
41.3567	7.91485
33.8022	30.7961
34.7193	48.7012
34.4561	31.9072
33.9626	52.9268
34.587	27.3041
35.2885	16.2803
47.7862	26.7234
38.2641	61.7616
38.8583	31.0093
33.7888	59.0266
41.7031	69.6726
37.448	11.2704
35.4055	37.8946
34.2649	30.9158
40.9805	79.8982
34.4208	24.9734
34.9683	53.2474
53.6525	41.3081
46.2898	64.0876
37.4754	17.8126
33.7956	42.2259
56.3479	59.6206
33.7791	34.8649
35.2427	32.4491
33.7759	59.7813
52.5367	10.05
35.0034	24.7329
35.2148	46.6925
34.2075	23.426
47.2604	42.3117
34.5217	17.2222
36.8002	31.3763
33.8631	54
33.805	65.2634
33.8495	64.6398
45.9398	55.2741
39.7558	78.6362
34.7321	54.9658
34.3252	37.3588
33.8195	51.2959
42.9965	66.7978
62.2917	9.90789
37.9271	76.6803
34.4079	37.4554
38.8414	60.2311
35.8833	33.9561
39.4179	21.9278
37.8842	59.2542
37.6425	44.736
33.8036	40.811
37.6227	4.76514
34.2149	19.4705
33.9104	60.3677
38.4031	39.8438
35.3092	25.5105
56.8051	26.5278
63.0997	85.5467
38.9081	33.2123
37.775	59.9326
34.4394	34.4114
55.5732	62.6753
46.9243	57.0849
36.7857	54.326
38.1899	37.6534
33.8869	4.93134
37.8268	44.4951
42.3859	88.2719
33.786	58.4798
39.7491	79.7019
35.144	16.6298
34.5418	30.4045
47.9904	26.3239
34.5499	70.2052
34.9089	62.7168
34.2762	71.2699
34.1825	77.842
44.6532	50.5847
35.9337	21.4668
34.2745	57.6824
34.1069	44.0393
33.8246	32.358
37.4844	4.01807
36.2232	31.5869
34.2182	73.8464
34.3203	44.7682
33.8825	75.5405
51.7672	65.7732
50.6132	47.6644
41.0731	65.7355
40.5801	51.6061
33.772	46.6971
26.6691	15.9776
33.772	77.784
34.2683	36.9037
38.3446	40.6539
34.0974	24.4544
41.9728	71.7502
34.0624	49.1482
37.155	64.5332
36.0698	29.9823
50.7185	29.4547
39.4345	64.8743
33.7748	33.3524
17.3089	41.9204
37.2934	28.8225
33.8528	33.7738
51.225	54.0875
39.6071	27.5975
41.0989	43.9396
41.8756	80.4954
35.9906	81.739
35.2401	66.6772
34.4709	30.9581
35.0008	76.6959
36.2718	44.9281
47.8153	62.7964
34.4408	79.4007
33.8425	32.0584
33.8002	20.6907
40.7351	35.7301
42.0892	60.2405
35.3093	62.9032
43.4549	81.5146
34.1536	73.4649
38.2514	62.2411
38.8382	64.2132
35.2326	21.4028
33.9105	47.2064
40.5608	68.3534
48.1647	34.8591
37.4731	73.5272
35.7724	34.7105
34.086	71.1066
47.7945	47.9261
39.4858	46.9701
37.5663	16.4655
37.447	50.3918
37.5294	44.5085
41.9407	23.6869
39.8299	19.6311
38.7626	85.2267
33.7784	29.6893
33.8859	5.71272
48.5684	78.1885
33.9095	29.3321
34.9922	46.806
51.8602	66.0913
35.1045	28.6658
34.6818	54.6428
35.108	65.3857
34.2328	71.506
47.7249	81.8584
34.5785	11.5495
39.6464	87.629
33.777	22.3069
35.5367	19.6531
35.3759	43.0371
34.6318	25.2209
35.6739	25.236
34.4386	42.5965
37.0317	24.8781
34.2737	45.643
42.8995	40.0874
34.3369	68.6236
46.2027	42.0461
43.2647	14.7938
34.4247	47.2348
45.6249	12.0887
43.1002	25.9705
35.3817	49.464
44.1984	45.4024
39.2115	7.15417
35.312	36.4116
39.9687	17.3956
34.0583	48.8792
38.0747	65.1899
33.8132	24.0266
38.0901	71.7424
19.951	36.1117
43.4946	64.3171
34.2869	41.8194
33.8846	54.8624
50.0948	39.3395
34.4129	23.2017
34.2903	18.2645
45.8835	78.6726
38.7248	57.0273
35.0225	72.2487
36.8463	57.2561
36.5938	40.1964
34.0018	38.6406
34.1636	31.8424
39.8934	13.74
33.822	32.0417
35.4024	78.3184
35.9104	28.2653
34.3381	52.3915
33.985	39.6536
33.8757	76.803
34.5911	57.8903
33.8185	22.8512
34.2212	2.96799
33.8196	26.1053
45.4514	71.5648
34.2661	18.9147
38.2089	69.1889
34.0115	49.8823
34.7597	39.4477
39.6845	38.7928
38.4334	47.8783
33.893	23.4537
36.781	12.1359
38.2626	13.3965
41.0023	50.7454
35.6828	35.7626
34.8991	37.9711
33.7751	45.0634
38.5942	66.5407
33.7769	60.7942
33.833	52.9095
34.6067	36.1924
34.006	22.0864
35.5446	17.8491
44.1011	58.4658
34.0794	63.651
35.2602	21.8361
33.772	63.5283
42.9174	6.10386
33.995	20.9334
41.2134	47.0554
35.4491	29.4336
39.892	27.3186
34.3781	59.8161
41.2038	8.34295
33.772	55.1737
50.3792	86.3456
33.8623	43.361
38.9616	52.7494
40.9224	29.1865
40.3087	21.6028
35.0954	82.1985
36.2697	28.6922
33.982	50.209
35.0565	74.371
45.0105	46.6129
36.0367	50.4617
33.79	28.2659
34.4083	58.7447
34.1432	66.4792
34.7352	36.5186
41.1541	56.1456
39.2899	19.4876
36.2575	13.1668
49.753	23.0153
42.0645	71.3271
33.9143	33.5021
40.7718	36.1463
37.267	20.9334
33.9819	35.4688
37.6815	21.5722
33.7883	62.9706
37.595	45.3366
38.5936	66.1065
48.8297	24.567
37.2608	53.2936
33.776	17.5503
34.9432	38.0141
21.2224	49.5314
33.9376	53.237
42.7134	23.2178
37.9769	54.2981
35.1951	53.9436
53.9706	60.3874
39.0757	59.1824
38.4054	77.0751
37.365	81.9808
39.8422	71.1925
49.9078	29.6676
48.5964	36.9096
59.9105	76.8042
36.1768	50.4713
36.8212	59.8802
38.8531	71.9099
38.94	14.8222
45.2882	45.4743
43.1228	41.8327
37.499	30.7715
35.2753	45.8675
33.8842	26.9247
33.8023	47.8851
38.1717	44.7079
33.8848	63.8446
42.3438	65.3214
52.874	24.9936
34.0005	28.1773
33.7857	50.5028
44.5701	51.574
50.8807	51.6065
48.5737	34.3146
51.133	19.6046
34.8849	47.4063
43.0194	66.3174
34.6481	42.0909
33.7724	75.6853
33.853	63.1685
37.5205	27.9932
40.5754	51.9709
40.0947	58.0196
39.4163	63.9388
35.4398	27.1677
46.5947	71.8376
38.7664	66.936
35.3651	28.0947
35.1174	62.8265
35.2886	42.6118
41.1102	59.2318
36.2091	8.05452
33.8847	77.8145
39.3849	50.7556
40.2292	59.1118
34.0141	16.9157
44.4213	53.0164
34.5448	22.5638
46.4277	32.4685
34.4118	39.2199
39.8829	62.8781
48.1667	36.3837
33.7762	26.8582
49.1508	80.6474
44.8738	33.2316
33.8653	18.7061
35.4588	30.3641
36.5598	18.8074
48.7245	35.7688
42.9337	84.2301
33.8483	57.4335
33.7727	55.1588
33.9346	28.4585
54.4297	28.7434
34.5866	62.5491
33.9337	24.1539
33.777	55.6908
43.1557	43.7157
33.8828	23.2371
34.9697	34.8622
46.3239	51.4363
34.912	10.6727
37.497	57.6729
34.6127	28.7457
36.4493	16.5136
41.524	57.2304
33.8508	47.003
33.9414	26.7995
33.8378	81.4694
48.4899	37.3682
37.5436	48.5591
35.1789	37.2011
47.1426	17.8596
35.4747	44.9237
34.563	52.903
41.798	50.0939
34.9588	51.9725
33.8684	22.1724
45.3411	18.6176
34.1397	54.642
53.2905	54.3708
47.4103	65.0488
41.5008	80.3612
34.0587	9.74157
41.0083	59.6326
37.3741	66.3188
40.5406	31.6213
33.7785	77.1983
49.2678	55.1983
34.695	51.7424
37.5304	41.2874
49.8442	15.7657
34.0752	52.0248
47.5503	20.7545
43.8048	44.4968
38.8838	51.8684
33.7763	25.0657
33.7897	56.887
37.7766	37.1244
33.9733	28.996
34.8454	48.6905
42.2194	12.0643
45.9611	36.6748
45.0711	24.9201
35.0626	61.94
38.9258	35.4119
38.4944	8.56974
41.9685	53.2678
47.727	61.4247
42.2458	54.6285
33.9933	59.1863
33.9312	19.5132
33.9077	30.4816
36.2818	35.9728
33.7773	22.0718
33.8278	60.9928
36.2596	3.00405
33.9275	68.1949
33.7878	20.6596
37.2234	28.5449
36.676	17.0045
36.7537	22.8865
49.7589	15.3611
33.867	29.3077
34.2035	62.776
36.1139	36.5705
45.2481	50.6675
34.7592	44.5621
34.595	54.0447
33.8428	18.713
34.8542	58.0578
34.3514	39.5501
33.7932	72.3842
41.0241	56.5623
36.4291	14.4396
41.8107	56.8643
45.9586	69.3788
49.2826	47.3244
38.9136	25.9415
35.4893	43.0287
35.0795	47.2775
22.3767	59.1777
37.0162	38.1458
47.0343	54.4104
38.255	65.5282
59.9491	56.7031
42.1812	72.6293
54.3206	3.33184
35.8503	27.1696
45.5428	32.4396
35.1205	27.2029
34.1237	87.4042
33.8739	56.6476
37.4461	35.9449
56.6972	52.6184
38.5051	15.8596
33.7722	35.7012
35.2854	77.382
42.4351	84.9261
38.9232	52.923
34.8994	47.1449
38.2016	21.783
33.7881	58.2673
38.3754	61.0637
35.1902	42.2518
33.78	50.9033
33.9371	54.1195
33.7726	58.3445
33.7728	40.1612
31.5848	23.8113
38.6167	76.6827
36.029	68.484
34.5687	26.4676
35.6418	68.6652
44.4449	77.5818
44.1935	52.7126
55.5511	44.8243
41.671	70.825
35.2329	43.7105
35.4234	14.8409
48.6038	37.209
33.7807	72.1882
34.7064	64.7153
33.88	55.7694
37.4001	55.3086
45.0718	87.0104
34.6564	48.1064
57.6116	41.8425
35.0322	56.9728
36.7555	58.4016
47.2664	23.8352
41.378	19.3936
50.9625	8.94905
45.317	35.1404
39.7918	80.7557
44.8602	44.368
34.5012	45.1074
33.7748	32.4258
35.326	79.0782
40.5046	40.0482
40.1305	52.4884
35.2428	38.445
34.6132	73.5785
33.7995	15.4907
36.0058	67.4494
34.66	43.793
35.9649	58.4805
33.8021	47.8044
48.0628	68.1487
33.8759	61.1897
33.9172	32.0717
49.1493	34.7659
34.2688	35.0519
35.9122	29.7262
42.5784	80.8569
33.917	13.2093
33.8061	69.1136
36.9482	37.0718
49.4495	63.8813
34.0128	18.9851
37.8629	48.3056
41.9047	37.7223
37.1964	48.7708
46.1554	40.7387
40.2078	45.2564
35.9668	49.489
34.9267	28.4725
40.0824	32.2092
35.7393	21.0567
33.8119	26.1684
60.4471	72.3795
33.9126	63.0285
36.7502	68.9884
36.6165	57.6714
41.4277	54.626
45.2859	39.6652
46.7421	61.6291
40.5533	43.3892
35.0262	8.67182
33.8252	2.30168
33.9451	78.8436
35.366	20.6086
46.968	33.8287
23.8806	20.0285
37.5169	47.299
47.2805	63.3898
34.8175	76.2432
33.859	59.5584
35.235	38.5264
40.8531	60.8645
39.9847	42.2304
39.2647	56.194
34.7267	62.7318
34.2882	9.62928
37.7902	64.5501
34.0283	39.7591
36.1622	74.8255
39.5686	82.0936
44.6287	77.5014
34.4296	23.0001
33.9143	45.2145
44.3301	8.03285
35.0784	58.3796
39.5464	45.1419
54.8087	69.9227
33.9045	87.0891
34.6832	72.9839
35.8635	63.7121
36.5003	45.1252
33.7936	43.8573
33.8566	5.62626
34.2844	25.5788
36.6035	10.6858
37.9647	66.5429
37.4419	33.1755
34.3286	43.3848
35.9701	43.0823
38.1113	18.1899
34.6173	51.2119
43.2995	18.0988
44.9075	49.5289
33.9785	72.0267
46.4466	40.1522
52.1518	69.7438
37.0094	58.0473
36.1952	14.7623
36.0618	62.5059
35.0448	17.2005
36.4935	11.4124
34.2574	73.5288
35.2837	19.7522
38.0662	39.2412
36.6727	53.0968
33.8544	66.1093
35.1532	53.3506
36.4913	66.5427
43.9478	60.2623
37.1167	74.4143
33.8334	56.4427
34.1195	50.3833
44.3257	47.3508
43.4744	70.0025
34.4983	36.8415
40.5088	83.1637
46.2197	39.7542
34.1814	25.4674
34.3905	55.3246
37.3641	43.9232
35.3274	46.5784
56.2044	25.7386
34.1284	68.4346
34.963	18.0194
33.863	64.3339
34.6272	47.9967
56.1987	45.6895
41.2645	50.8956
34.8906	27.6654
47.9791	55.9576
36.2505	18.5558
38.9625	76.5513
33.8676	74.6949
34.1257	29.7354
35.8009	51.7037
33.9397	66.3298
35.0374	66.3168
40.0982	76.4092
33.8908	51.3908
40.8818	55.5853
33.772	49.7152
39.5078	69.6364
33.811	33.3894
40.7064	70.5805
51.0197	56.1439
36.2524	50.9781
34.6215	14.1744
34.5542	10.8541
36.8864	50.9651
36.8836	45.7379
34.1845	36.9388
33.8115	48.4569
40.3936	16.6768
37.4001	30.1994
57.3159	29.6089
40.9773	40.2378
37.1603	51.4461
34.0837	41.1114
54.2057	44.3274
41.832	18.5962
15.2623	67.6958
41.1743	5.24591
34.3842	28.5281
33.9606	41.3922
49.3616	6.45065
43.35	75.1854
39.6893	43.588
33.7744	36.1836
36.3409	66.0725
34.2528	5.5374
36.3965	39.3046
34.1427	22.419
37.7613	50.7814
50.8748	53.7852
33.9429	62.9902
37.1606	50.2892
33.8913	68.9386
54.4168	51.4361
33.8299	65.718
24.5404	57.9052
36.5896	67.4306
34.0478	59.4474
33.7728	62.3692
37.5847	52.3675
41.4066	30.8417
34.7049	35.4083
35.2002	27.8854
37.8415	18.2261
35.7995	14.8894
34.125	47.2547
33.7734	54.1878
35.6238	22.9943
37.6944	45.6799
46.3255	62.3841
49.7615	47.947
41.733	74.3732
33.7754	60.6241
34.3107	62.3152
34.4655	43.9946
36.073	47.2803
37.9519	41.8524
34.1567	65.6777
46.2665	73.3491
43.5288	75.8208
37.2655	67.3197
41.9567	22.7884
37.5717	49.3322
33.9197	34.8175
35.7297	54.9112
15.2193	67.0855
34.0924	28.9251
33.9546	14.5907
42.6839	21.2973
36.2879	14.9245
43.1869	5.78989
39.6301	58.7045
41.1133	81.1117
33.8352	15.7404
38.6893	83.3994
42.9226	30.3684
56.4265	58.729
36.3606	58.018
37.2142	74.5881
54.6314	33.1188
35.2247	43.2845
34.0288	75.1769
34.4559	58.1474
33.8106	44.1353
35.4013	35.4776
37.416	17.7429
53.477	72.9393
33.773	43.5291
35.678	17.6703
36.0396	11.1136
35.1415	56.4434
41.3689	64.1238
46.8704	15.2448
34.3045	75.2762
35.1468	82.4199
38.0617	43.8079
34.0344	35.7609
43.9851	48.2987
33.9334	33.5003
35.1203	76.6508
37.0748	45.9163
33.8554	20.8797
33.7735	38.2567
45.0587	46.7794
51.7993	22.8892
36.3959	72.4206
39.0242	47.3135
48.8794	28.9413
38.006	39.211
50.9527	32.7986
41.0879	52.0987
61.7497	39.1792
33.8483	60.6778
18.3478	8.98355
34.1002	41.479
40.3407	16.4714
40.196	40.879
49.1501	53.9304
37.1525	82.811
38.1479	15.9459
34.3611	23.0786
34.584	62.5362
33.9291	40.3003
40.5607	69.2324
47.9943	76.9603
35.1366	49.2728
34.3786	38.7634
36.8358	80.4615
34.1853	55.669
51.6301	13.2247
34.1539	34.2161
42.5949	41.369
34.8568	30.0637
34.2541	77.434
46.3835	16.0367
35.8686	28.5008
50.2612	58.2675
37.228	31.1613
37.9068	34.2549
37.8857	20.8033
34.6029	48.0713
41.4148	3.66302
34.3143	22.5316
33.9875	21.0112
41.8088	27.8426
42.6192	60.4815
43.6838	64.9725
39.0515	25.5705
42.7712	89.0918
41.755	54.8136
35.5047	73.4363
35.678	35.7737
36.0891	66.1937
34.2777	38.2824
38.6838	62.2705
42.8426	57.3828
38.5003	84.5423
44.7118	8.98773
36.4164	21.2327
36.9518	63.5905
37.9852	29.296
50.0895	81.4033
34.4594	47.4043
33.9911	64.5853
53.6121	35.598
35.1446	75.3637
33.7723	53.377
35.008	12.0609
34.4047	32.9009
42.8137	63.5642
33.8817	3.85255
33.8234	82.3702
54.3297	64.9724
33.7752	53.8565
33.9196	25.7902
46.7037	36.7957
39.0402	10.3228
36.4194	20.2925
33.9258	41.6695
35.7491	27.5049
38.7904	24.2458
40.3592	44.4768
38.5096	47.9046
45.1908	45.4396
37.1963	56.5836
36.4047	54.2373
35.7012	31.1515
35.4206	33.0633
33.8295	22.8104
34.892	47.0462
45.9503	74.8007
42.8256	40.2656
35.2703	42.5118
39.6309	48.6239
33.9381	73.9845
48.9672	78.4164
48.4326	60.093
36.2191	52.8364
38.4943	51.0112
40.7436	35.9028
45.3389	27.8176
33.8405	29.8497
53.0021	54.8013
34.308	56.8802
33.9346	59.7828
33.774	70.7553
37.3682	19.7675
34.1885	34.3453
34.2095	22.6186
44.1124	55.1026
36.8313	53.3564
43.5722	30.7313
36.4751	19.8773
33.8469	27.4321
34.9795	29.8699
33.7739	77.9502
34.0981	45.1323
40.0387	31.521
37.0948	34.4171
41.2942	48.4377
34.0853	29.179
34.0613	17.7118
34.0172	20.1679
33.846	51.1623
34.5215	72.096
42.6733	27.7176
35.8989	32.3905
36.0928	3.27982
39.2132	65.4009
36.5724	66.6366
35.4208	41.3292
35.1892	71.9827
34.6985	77.015
35.7314	44.5922
34.0616	56.5395
38.6131	14.0943
36.0884	77.3458
43.3162	76.0486
38.0922	78.2019
35.5004	26.4416
44.7833	58.0992
38.1559	52.8601
33.9218	51.7366
41.0433	42.7814
34.3085	36.9539
34.1422	66.8103
42.917	65.4242
35.3213	46.5627
50.8268	62.5428
35.2524	7.64959
34.7935	42.7859
40.6595	27.2164
45.04	57.4553
33.7858	36.0662
41.6409	81.6926
45.0274	13.1797
36.3524	48.0406
42.2673	35.5572
40.6199	55.6732
37.2382	46.5561
36.7257	49.4876
35.6861	76.2606
35.4996	50.2396
42.4009	59.9728
43.7112	51.7651
33.7797	60.0206
33.8223	38.4817
38.7456	32.0059
27.378	74.8474
42.9462	13.6564
34.6389	44.2532
34.1757	55.4039
47.7632	74.6991
40.4811	20.1909
46.3023	31.9808
45.5293	69.1351
41.707	40.4014
42.8575	41.7175
33.9946	55.2468
36.4888	77.6591
35.0293	56.582
41.9468	26.0808
36.8639	78.036
35.1271	33.3776
46.6699	45.4898
37.3042	71.1334
44.5185	68.3613
33.8102	36.9407
36.6375	64.8455
38.5805	47.0329
42.268	25.3502
18.8458	47.9876
34.2289	65.0631
36.3372	4.83643
41.4041	21.8061
33.9391	57.2959
41.1759	24.2502
37.2696	71.3427
59.2949	18.0686
33.9762	64.8733
47.4265	75.1579
40.5529	36.5009
42.9628	62.3779
36.4442	25.9647
35.2737	37.9636
36.4364	47.8253
34.4833	69.3653
33.7807	62.275
38.92	24.3676
37.8156	33.9792
36.7404	45.511
42.4674	61.4221
38.4837	55.2655
34.6524	49.1628
36.5305	54.7344
36.8208	71.0638
35.1275	17.5343
43.6732	74.5501
35.2688	74.644
35.9647	42.8418
34.7008	24.8261
45.3902	56.3836
40.027	47.0133
34.4266	59.74
39.1333	42.1403
33.7842	42.4167
49.2445	74.9623
38.2413	36.3534
40.7269	41.0266
48.5646	49.5335
37.6858	75.1227
35.8249	57.3346
35.0635	31.6341
34.7855	80.2304
38.7833	21.0415
34.1433	53.1113
34.7442	27.4447
42.9637	23.6726
37.9429	16.3198
36.8929	34.1599
47.8635	47.5362
48.4006	84.2812
36.6798	64.1805
33.8191	13.9541
35.5104	70.6165
33.8144	37.6366
33.9162	12.5829
33.9254	55.6947
38.2975	38.7624
33.9595	82.8609
41.4658	35.1831
41.621	56.7116
46.8443	27.0186
36.3325	17.8743
37.0188	24.5221
38.6595	10.6404
34.4632	54.0889
45.1834	33.9603
33.7905	77.7675
33.8349	19.1607
40.6892	29.2653
41.9039	51.5162
39.2837	42.009
37.8248	74.2073
33.984	68.1514
47.0347	75.5878
38.8605	48.6846
35.9204	50.7956
33.8246	11.8165
51.3441	59.1993
35.1827	18.4586
48.9939	65.978
41.003	66.3032
40.4134	66.1062
49.534	51.6858
34.2389	54.6472
35.0541	51.3961
41.3769	67.2149
42.0882	24.1311
44.4087	17.9586
36.9904	29.641
38.2686	31.3226
33.777	24.7552
33.8064	54.3235
35.8298	25.0075
33.8904	72.7277
45.0185	23.5459
37.0131	58.6409
37.1863	67.5011
37.6397	51.2234
33.8908	69.5691
37.4929	31.7103
34.3874	33.2937
34.0754	34.4642
33.9561	14.2848
15.2459	51.5667
36.4462	19.6949
33.8372	40.0507
34.4065	45.6499
57.7714	47.3033
34.3449	40.7191
33.7831	26.8709
35.4073	72.233
38.5034	67.0866
34.018	60.4218
40.7064	51.6817
39.2063	36.0518
35.3672	61.0809
33.7832	38.0341
38.9055	59.5494
39.2284	30.7633
40.7411	18.9435
35.8677	51.5693
38.3216	45.8739
33.864	37.2613
34.3757	52.5297
52.2725	74.2838
37.5225	15.926
39.0936	34.9457
33.7762	57.7475
52.9303	71.2302
44.2145	79.0385
37.7659	9.57646
34.0899	76.367
34.7652	26.9138
35.7232	24.7808
36.3858	28.2556
39.202	5.65817
33.9799	28.9482
41.1819	70.4429
33.8481	66.1005
42.1761	52.6147
34.7396	56.3828
34.7819	36.2845
42.4171	56.5127
34.2546	68.0671
37.6867	41.4949
34.1894	37.8034
44.4081	32.5836
33.8822	33.0805
48.4877	60.1403
43.8677	47.4951
37.9603	48.8254
43.6822	12.5008
40.1847	17.7283
33.8348	48.1656
43.3273	54.2474
45.0148	62.8915
33.8635	64.6706
37.9456	76.9172
47.8758	47.1405
34.2239	65.7894
40.9777	49.6631
34.7909	75.6982
35.0003	72.6372
34.2929	34.2936
34.8894	60.0625
33.7726	46.1871
49.9114	68.3106
46.6245	69.988
49.3258	53.5681
35.8527	22.3566
33.8305	28.5826
41.4614	25.1178
34.0753	52.0425
37.9144	67.0161
34.1907	63.8093
53.2406	43.6045
33.7722	20.1143
33.7723	29.7121
34.2042	68.905
61.9731	41.6685
34.1324	35.804
50.5407	75.8869
37.6584	80.1479
33.7914	75.9272
34.4983	49.7067
35.2645	41.2293
33.9823	53.4899
39.0449	7.9256
33.976	23.6148
45.8627	50.7935
38.1316	35.5215
42.8036	56.6788
34.4618	65.3068
45.7476	18.0553
36.1433	72.4555
42.9845	44.0792
34.2196	6.10346
39.1972	44.9993
35.0255	87.179
33.8103	26.6149
35.6964	60.923
33.7727	52.3778
33.8025	13.3306
38.0957	56.8764
34.0504	18.113
38.3486	44.6906
39.1733	54.5721
39.7762	64.8581
53.5962	14.9337
33.8758	56.194
33.7743	20.1484
36.7411	61.1527
57.461	39.9854
39.5194	41.2991
34.9701	30.4104
38.4212	65.7774
36.0798	48.2757
55.1776	54.7167
38.5102	30.3995
37.8032	49.8381
35.5657	44.398
40.6962	48.8143
38.7944	35.3319
34.2038	37.9697
58.6028	51.0098
39.2592	79.5094
43.4023	46.3672
34.2226	48.9573
34.7989	24.1559
34.0619	63.6376
44.2849	37.0028
34.1674	51.4642
41.6995	64.2578
33.7721	50.3843
34.8803	8.13386
49.6462	40.2766
20.1712	50.2821
44.8589	14.4675
33.8685	25.8288
45.7985	34.8831
34.5234	16.6966
33.7751	28.6534
49.8406	10.5026
43.268	21.8473
33.9512	27.271
47.5592	52.771
39.3912	36.3425
36.5205	37.2218
54.6941	28.3481
34.1678	28.3419
36.4546	59.0447
35.173	63.1669
33.7723	61.8906
35.4231	53.2833
33.8508	33.4867
41.6151	50.3879
36.2854	38.9877
46.744	70.4289
34.5899	44.2827
44.4596	35.8436
38.5911	29.3767
43.0891	78.9514
38.3601	17.7934
53.6092	19.2721
52.0164	32.1602
41.2178	14.8682
36.7142	60.2871
36.1288	53.7189
48.6361	30.8697
36.1703	47.7407
38.6122	15.7072
36.6266	12.673
36.4635	27.8961
36.3291	24.886
35.1337	52.3392
34.2978	24.3129
33.8139	65.466
39.7522	71.6958
44.2525	37.5102
34.7871	19.0174
43.8949	33.1896
33.8646	51.859
34.8397	29.2505
46.8308	77.1352
35.6298	72.3921
64.0779	54.14
33.8253	44.9565
34.3319	15.0064
36.2068	64.7478
39.9218	63.5294
34.527	69.94
33.7747	43.3942
34.2894	27.0533
52.5492	25.7297
34.4493	23.5117
39.8735	62.549
42.9759	55.1104
42.3931	53.6726
34.5388	31.7223
33.782	61.871
34.8392	28.0365
34.0901	44.8981
56.5045	60.321
35.138	39.7662
34.4084	61.6268
39.2845	30.9432
37.5743	56.0113
37.2671	21.2019
53.0564	62.8393
34.0316	25.8502
34.1231	65.0171
35.9351	7.53449
53.4395	26.8745
37.6049	86.689
37.6544	31.6409
35.5125	31.541
33.7721	57.1781
34.5146	48.9203
39.907	44.028
46.2321	11.6812
38.3062	18.0735
33.7825	49.4234
33.8234	46.3352
33.7723	76.2727
33.8935	71.6402
34.1261	23.4205
44.3628	58.46
35.547	9.4043
33.8722	55.034
48.2158	88.1619
34.042	37.0841
35.0037	27.2423
36.7181	9.47847
39.2236	36.3392
42.2654	67.9167
43.8314	53.1965
36.4177	30.0341
37.2069	31.4426
34.0004	45.8688
35.9786	36.2106
37.9709	56.44
41.109	48.9806
36.2037	46.5898
37.6537	22.6208
40.6344	71.6307
34.3493	67.2524
33.8462	61.0622
48.8886	70.3686
38.4377	62.0341
33.7753	30.7459
34.3396	27.6577
34.1528	27.5553
37.0202	39.9636
37.7134	44
33.8164	63.7408
34.6689	54.0586
34.2538	42.5243
43.3075	32.9413
42.8239	19.5141
33.9009	67.2958
34.8127	72.1925
47.9227	68.6908
35.1494	53.2067
34.7535	59.7449
41.7832	19.3931
33.8129	22.2283
34.8763	32.3376
40.6923	67.1727
45.1775	46.2136
40.6817	46.1284
52.6288	17.0477
40.916	42.5865
36.5815	36.7923
33.8229	25.2211
34.7946	76.0824
34.5533	40.13
40.5594	71.8018
38.1465	75.7552
34.002	27.0559
34.4838	55.4795
35.4128	21.0112
35.0686	54.3484
52.4935	59.5109
45.2903	47.8266
36.718	21.0797
33.8968	40.7316
34.5413	19.0111
36.4958	64.6255
34.223	48.5858
37.2744	30.9892
33.7792	27.4407
36.9085	53.9095
40.136	15.3471
40.5909	68.5499
39.0842	44.3089
39.3729	63.1322
39.5565	26.6368
38.5321	66.1079
37.7255	25.5752
34.5959	39.0113
33.8786	32.1665
42.5876	10.6164
33.9346	42.4618
34.162	22.3418
33.9258	54.6872
36.7741	31.7791
39.062	14.251
45.0195	46.1952
34.1842	39.1642
38.6908	61.8594
39.9503	35.2216
35.456	60.7323
37.8502	57.6202
40.0189	54.5177
33.9098	60.6254
33.8451	36.6246
36.1742	23.6892
33.7993	65.3506
46.7785	75.1633
46.0075	26.8435
14.7817	51.8234
43.7988	40.6858
44.1301	48.7835
40.4161	37.2724
61.2515	40.6799
40.3202	53.5927
35.4622	34.1517
47.0326	63.1034
59.5079	67.3884
36.5967	31.1957
34.143	48.9003
34.2094	50.4865
38.033	24.3846
34.0684	36.1429
36.8514	11.6794
35.7008	47.6629
34.8559	83.5411
42.3026	72.2427
35.5359	18.3983
56.2735	48.4497
35.8885	44.1733
39.3895	16.1896
37.7333	11.0458
33.7826	56.2707
43.1118	53.7135
45.6431	20.5742
40.1609	37.91
36.2915	40.6991
34.1122	9.49462
34.636	41.7501
34.2915	18.5769
33.7781	22.534
36.1807	34.8528
57.6381	72.8704
33.9888	47.81
41.5053	48.8744
36.6363	55.1855
34.5572	8.29615
34.4026	16.6783
34.775	56.0477
33.7993	29.6488
33.8019	65.0229
40.2462	21.1062
44.5242	64.6534
43.0154	46.282
40.9414	61.5959
45.4265	28.9985
36.8368	83.1758
39.9082	57.6838
20.2059	28.2467
33.9475	18.6013
36.6073	59.7547
39.702	13.7361
41.1511	45.592
34.4219	52.5401
34.752	24.1005
33.7743	78.2301
35.1701	54.2377
36.7386	53.2443
36.4758	32.5577
43.5656	54.5541
38.7737	38.9032
46.3881	31.4922
34.2911	57.94
39.0816	52.9241
39.2271	26.8234
38.4369	32.7424
34.3198	62.6034
33.7936	36.476
50.5768	65.5149
41.4623	40.458
41.9835	72.7119
36.6998	9.58804
35.824	29.7535
45.1239	34.41
45.702	40.8992
44.1903	31.9948
44.6856	48.3919
34.0568	66.9266
34.8909	14.4441
33.9487	57.5326
43.2414	42.5423
35.6921	61.7219
42.6383	71.8217
47.6718	58.1714
50.9896	64.4097
34.2229	67.0765
33.7747	17.4344
40.1734	56.4618
40.8521	61.2817
34.8181	44.1372
34.3186	4.59176
33.8245	41.4427
40.7238	44.4342
41.5244	21.4659
33.9064	61.5512
46.0346	41.7312
40.7725	18.8445
33.7766	54.0816
34.6988	85.5995
37.7648	65.1182
34.125	38.6284
39.6776	75.1647
37.2306	50.9185
34.2624	39.1467
33.9839	58.1198
42.5567	14.5724
41.3008	58.6362
35.0844	41.5325
33.9118	43.1635
45.2496	59.3424
34.7696	69.8834
42.9356	47.562
34.303	62.122
34.6742	81.5289
56.8992	37.5399
41.4269	54.3939
40.6041	25.6601
42.864	71.4317
34.3924	42.3881
43.5919	51.1385
33.9982	30.4893
33.772	46.8472
39.4969	50.7137
37.8316	47.8324
33.7897	29.5762
48.2406	37.5167
40.4932	39.2621
43.0487	25.8917
37.5421	60.1485
38.2098	30.7842
33.7992	33.6008
50.9808	61.5644
34.7531	67.7908
33.8082	29.5435
47.7444	3.43858
33.8643	41.0972
35.9649	75.2312
33.7724	51.2866
61.047	7.26355
37.7607	55.4773
35.3715	41.1135
38.2329	66.0959
33.8241	73.5272
35.4092	25.6623
45.857	27.0808
33.8718	41.6182
34.2159	23.2512
49.8682	58.7456
33.8688	61.9216
58.5346	61.7536
34.894	48.4178
35.0385	73.1103
36.152	35.6401
35.4389	16.169
34.3893	33.2887
35.5836	72.415
39.6231	38.6499
37.0575	15.4349
41.0948	57.7625
33.7778	55.7314
37.6726	10.7841
42.7171	43.5252
35.7413	23.5893
39.0496	18.6824
34.6833	63.2587
42.0727	49.2321
44.5552	68.4429
35.504	13.6329
61.5712	51.6442
37.3989	84.9302
34.2204	53.2809
33.831	83.4039
34.0075	80.729
33.9789	41.6226
46.1089	27.9254
36.5884	35.8637
35.0449	68.0636
35.9358	47.8663
35.4329	23.1192
38.3591	70.1801
38.5498	55.2251
36.2001	17.7832
35.8538	45.2143
35.2879	18.051
37.0613	32.0021
33.8075	63.3773
35.7942	37.7881
41.554	36.394
34.4383	35.3624
44.3068	7.60063
34.5202	87.036
37.5147	44.0804
44.7375	43.4162
33.8335	72.2608
42.079	52.2166
38.0934	58.1815
39.6848	46.0328
43.9419	60.8622
41.3174	3.98396
35.5648	51.4618
35.0095	75.4848
38.9073	53.6156
33.8638	36.7961
35.7086	7.92163
43.4068	36.9517
40.4897	54.0097
51.8744	49.1654
35.1	74.1987
34.6743	63.4386
42.2101	64.6257
33.8768	23.3123
34.0314	36.1761
33.9481	30.4924
33.888	25.4922
37.8789	59.0838
39.7847	27.0195
38.3305	82.7698
34.4312	12.6379
35.5516	50.88
33.8762	35.5484
34.6267	61.3664
34.7983	45.9802
37.9783	83.8433
46.1879	80.665
36.5103	59.3219
35.5526	53.1133
48.527	55.1492
33.8295	43.4592
41.6906	47.8337
45.4254	71.8816
33.8679	68.5463
37.8129	53.7483
39.433	25.1209
34.7317	32.1353
42.4764	44.4411
35.0144	37.1389
43.974	16.9376
33.9522	21.4549
34.2533	13.2818
35.1869	48.2706
48.6969	36.8718
39.4608	73.884
40.1703	75.2207
36.7403	26.4304
44.4641	55.0775
35.2375	41.7868
34.3895	66.6468
38.5652	66.4394
42.414	37.9382
33.8574	65.8835
37.6986	74.4153
35.9441	32.919
44.2208	39.5277
35.0267	21.5051
35.5195	38.247
38.1911	60.2458
43.9916	86.753
34.4091	52.4186
34.0248	54.1556
38.8426	39.2755
33.7773	24.7186
34.0713	43.615
33.7907	65.5512
43.3989	41.5002
36.0887	21.8481
33.9531	31.6674
43.4041	18.9376
56.0026	52.3415
38.4321	59.1676
33.7727	11.4323
34.7446	40.1254
38.9843	44.4961
40.8075	29.9032
34.0725	23.4439
34.4741	36.0911
37.2763	76.5225
36.901	15.337
35.2003	70.2046
36.2935	64.1855
35.9792	65.0331
34.5081	13.2832
50.6767	66.1896
33.7779	22.3027
39.4238	45.5212
34.4286	30.0709
37.2293	57.4298
34.7217	53.7286
33.8379	77.4448
34.6095	35.2916
40.9235	17.0379
37.7767	27.1788
43.9585	34.7961
43.6921	52.3543
34.1368	38.8945
45.224	39.7157
47.1604	67.0008
48.508	29.2022
46.7547	38.1037
34.2605	32.1429
41.8889	36.0293
33.9405	5.89891
34.1635	48.4326
34.5179	18.0227
51.7408	37.0423
42.778	53.3118
36.3651	38.1214
35.2292	61.5011
34.905	19.3033
38.4035	39.158
35.5743	18.6959
35.4705	40.6228
36.4739	55.7198
41.5804	57.0955
34.6013	54.0019
51.3068	11.8885
46.201	50.9065
37.1779	53.4719
36.7392	20.979
34.9949	21.3758
22.3543	43.4613
34.6394	48.0819
33.8438	59.9283
34.2307	69.6383
33.9558	17.8124
33.9204	19.4668
37.6751	27.8528
47.362	46.3907
43.1635	36.2885
42.0006	39.7741
34.676	80.6829
35.7169	49.0205
51.941	28.3425
37.2967	36.0576
44.411	50.643
36.4566	82.9088
47.7285	26.034
34.0838	43.633
57.4803	71.7366
34.4928	12.6753
34.2517	66.9394
35.7787	79.1479
35.5451	75.4589
34.3735	48.6644
34.3086	77.5005
34.2484	58.1438
34.2942	37.9476
33.8353	46.0281
38.6483	71.0379
41.9482	87.062
54.3924	60.5287
44.6276	74.2837
34.4738	27.8608
42.329	60.4679
33.8962	30.2811
36.7834	44.4533
36.6274	68.5275
45.937	18.2844
34.3873	60.1816
34.2505	68.1193
34.0571	46.6984
39.7614	78.0296
44.098	81.0326
34.4506	41.9378
33.8278	45.4918
39.0415	29.2231
34.165	83.6049
34.1813	79.632
36.4844	75.2529
33.9612	50.2048
34.2743	20.5933
33.779	47.6637
33.9113	45.5195
38.5829	45.5915
51.0298	39.6145
34.6106	41.0268
33.7867	65.491
40.6847	69.672
39.2837	21.1304
34.5076	32.1426
37.7505	48.2918
33.9239	12.2015
36.9415	79.1619
59.7874	48.5605
39.7875	51.281
37.4327	65.4901
49.2415	14.8703
33.8971	50.0481
33.7934	49.3562
33.7721	66.432
34.1415	59.0048
33.9092	30.1257
44.4327	19.3103
39.6056	33.6475
44.5487	42.3392
54.3044	82.8531
40.1442	53.4963
34.4442	28.2248
36.4092	57.7864
33.7956	65.6793
35.7143	49.918
57.5434	45.8737
34.7497	53.9811
35.2068	41.5353
34.3569	59.7034
54.9447	24.686
34.3048	40.7927
33.7772	42.8846
33.777	21.6428
37.131	44.94
34.2728	16.3193
49.3234	34.5683
33.9254	47.7768
41.8834	64.7842
33.8321	41.8854
34.0632	29.7412
33.8341	45.5631
43.9203	37.9694
34.2186	53.4983
39.5393	52.8605
43.0488	81.4792
41.0668	43.3317
34.8919	34.8651
34.1866	26.7891
33.975	30.4485
33.8467	72.9755
56.0558	45.7299
33.9066	36.5135
33.7925	39.9254
18.1229	27.5299
49.582	75.0956
49.0006	63.2188
36.5818	71.4981
33.9203	62.2925
33.8252	78.0576
34.2331	23.9441
34.1492	43.5397
44.6467	45.6278
47.3667	81.8223
43.285	20.6243
33.7952	43.414
43.969	58.2322
45.9774	75.9568
43.0468	48.6029
34.4443	66.2768
46.2915	65.7392
21.4475	55.4986
33.9609	19.5795
35.2178	33.1135
33.8139	30.222
33.7723	37.8224
41.8855	24.3886
33.8839	7.69222
54.3658	70.5719
40.7968	54.5413
41.5674	46.1792
39.6516	86.1626
37.4698	71.6833
60.163	51.589
43.3347	70.0955
33.7816	37.3712
37.9351	21.0338
35.3302	5.49361
35.1506	84.4706
34.0647	18.6601
37.8833	47.4891
44.3944	47.5957
55.2648	42.033
37.4645	17.5617
34.0307	6.67494
56.8913	31.6374
42.3687	45.086
35.618	47.4774
34.2319	58.8876
39.2664	34.7563
33.8029	57.9693
33.8113	53.4936
38.6347	77.5177
36.1196	79.5995
33.9128	82.7225
34.3491	50.7779
46.6487	77.6801
37.894	34.768
33.938	58.006
40.8853	46.9029
60.8269	76.4169
38.8394	45.1463
36.1779	60.385
33.786	41.0452
34.8609	15.2254
41.2275	51.349
37.0395	44.7546
34.7099	3.05684
34.6751	57.939
33.8015	32.5163
55.4153	19.1851
40.6956	45.4079
51.5082	81.7748
38.3633	8.59152
36.4575	27.4505
46.6424	66.4126
34.636	57.1843
33.9442	49.4337
35.6333	24.8709
53.326	57.4858
45.7404	21.0441
44.4144	12.0951
38.9157	50.8726
34.8226	64.6753
57.3905	76.915
35.1898	71.3764
33.8767	59.8476
43.0193	88.5031
45.9475	36.3884
36.26	77.0408
39.1648	47.5236
38.9033	43.9479
33.7723	30.1584
49.5144	45.6241
34.4065	77.7646
44.8218	48.7176
33.7842	66.9371
34.3212	39.3859
34.0623	45.5108
36.5781	41.9332
35.9227	80.9034
35.3082	72.0702
49.7617	9.5989
37.6395	66.1274
36.0501	37.8011
49.4483	22.2018
36.735	51.721
34.1984	61.8425
42.6365	38.4968
45.4927	52.7588
20.083	59.0187
42.5172	29.0207
34.8538	13.1315
43.4135	53.5485
34.786	80.2326
35.6782	63.083
33.7938	64.4787
33.9027	39.6594
39.8158	12.3198
44.6256	68.9563
35.1289	31.9769
37.5761	16.7417
34.8961	43.902
33.9046	33.008
36.5511	48.3183
39.3967	57.7817
34.344	14.5458
35.168	23.7517
36.6766	36.4456
35.3074	65.6357
45.927	7.65232
34.2753	9.83826
44.6527	71.4761
33.8512	37.3511
42.482	54.2388
35.0453	49.3156
49.2317	52.0584
33.9168	19.3546
42.5891	30.1561
34.2861	44.492
36.9291	14.877
52.0637	22.0203
37.3731	28.1411
40.2116	54.2648
36.4889	68.6961
47.4534	67.9402
36.3197	39.0736
42.8433	46.7746
34.8525	39.9973
39.1496	43.0208
38.4847	4.89442
34.1546	46.7858
38.6623	54.9742
34.1849	67.3416
34.9095	52.6114
37.1145	71.0211
33.9546	34.8766
36.949	56.8546
37.9481	41.1512
33.8731	72.6337
38.2232	51.5054
34.3242	42.4394
33.8649	50.021
34.9965	35.4918
35.7175	55.6698
34.0292	25.4722
34.3559	50.4907
39.6637	55.5567
34.1303	80.0611
41.5471	24.5768
34.5413	45.5288
38.7231	22.8843
35.2233	82.4486
34.1831	50.2976
33.7766	67.5009
39.1495	57.3083
33.8961	43.6301
37.1517	38.8242
34.7067	38.5541
43.702	29.6579
36.5948	77.9105
36.6899	39.6466
53.2757	59.2159
33.773	77.552
44.9305	41.5586
33.7856	46.0825
34.7645	14.1678
41.79	30.5761
34.0878	45.9954
34.7203	32.9434
63.8372	84.2674
57.0483	8.77836
34.2274	37.9106
35.1476	40.0442
33.7798	62.23
34.9631	61.7384
35.5642	29.145
33.7839	46.1518
33.8254	0.977763
34.0059	17.2113
35.0075	64.3759
40.9961	30.7392
42.2684	61.5516
33.7922	44.2975
46.2944	55.7787
45.7589	47.5898
34.4808	28.2053
33.9275	49.242
39.6789	57.5601
33.7873	79.6827
33.8492	42.3251
35.7634	51.14
35.1583	61.3252
37.9876	29.8219
35.7352	47.5596
34.4417	18.075
43.1863	43.0538
35.5834	70.4794
34.823	48.9375
35.9276	39.1498
40.1384	26.6172
34.0861	64.0281
38.181	30.5885
55.2947	63.2307
37.6681	37.0365
58.9937	27.9147
36.2934	27.2553
36.5618	26.3115
33.8342	53.7355
44.151	13.3007
39.763	68.134
40.4195	43.4612
60.5221	68.9862
39.093	45.9869
36.4268	39.354
34.0287	32.5196
43.784	65.171
34.4987	8.62996
37.2329	73.6469
34.6659	76.1652
38.8084	63.9466
34.716	39.4219
41.7749	50.3549
35.0179	33.7092
34.5648	63.2489
44.9565	74.5596
44.9273	57.9669
42.8247	51.9857
41.4099	76.8313
48.9922	24.4561
38.428	54.899
34.9292	38.9985
52.4114	68.6323
36.219	58.8234
36.2234	4.21642
34.1988	17.2165
33.786	24.6246
33.8045	44.7008
35.6318	36.6768
34.2119	37.487
33.8356	65.2693
36.124	64.7806
36.2617	22.5731
37.0613	36.6202
47.1242	59.2981
34.3716	55.6715
41.3803	61.9284
33.7799	57.0461
34.1856	21.7182
48.3973	50.9905
35.9338	49.4132
33.7794	20.8455
34.5059	54.5993
33.8952	69.3658
40.5907	69.9228
42.9065	33.8581
56.0372	64.6226
45.0897	74.9245
36.7986	49.0295
40.9365	62.5857
35.2219	27.4235
35.3976	40.4822
34.9155	56.6377
34.9928	49.1255
44.6828	80.6753
33.9908	44.3252
34.7412	40.8102
39.0706	54.7653
34.1332	58.589
34.2937	88.6967
37.2241	19.3756
34.1142	50.6329
34.9467	62.9648
36.1487	81.455
34.0923	38.2922
37.556	59.0504
34.4472	30.2634
43.9405	66.0308
33.8134	32.03
40.4566	16.9374
37.8422	18.3889
34.2659	32.196
33.8014	33.3582
39.7942	51.8885
41.8672	3.01899
48.6353	38.9538
36.8052	54.3212
34.5241	53.3502
39.3115	11.8285
40.2412	62.7246
34.579	55.3308
35.5806	73.0872
37.3034	54.7237
43.032	58.0796
34.1584	31.6479
34.6107	40.7751
34.9293	14.0349
39.1849	53.8262
33.9838	24.152
42.3248	28.7635
35.0002	38.0622
35.2705	42.0111
35.4947	49.3514
33.7832	41.2364
39.8075	31.4958
35.8177	44.2452
34.1718	10.9174
36.3107	61.8352
39.6581	65.6521
42.259	25.4139
35.8503	25.2909
37.0133	26.1721
33.9055	68.1518
36.7373	56.0057
33.7953	29.2105
34.1733	81.2522
33.806	17.3645
35.1763	73.8786
34.6103	33.6816
39.3836	70.2816
34.5604	80.4119
35.7665	13.3147
50.7992	57.3617
37.8338	56.1599
34.0534	69.8762
34.3811	72.3093
36.2242	29.8032
58.2105	53.3349
41.183	59.4853
33.8065	67.8389
35.031	43.5208
36.4013	22.3289
37.0286	16.2646
39.7499	58.1612
34.9598	74.8142
34.1564	78.912
38.1215	49.3789
36.2811	55.2964
42.8694	40.5671
37.2508	59.948
44.8264	30.3584
39.4266	13.9616
34.1786	50.771
33.9296	22.8121
34.6204	20.0783
34.0334	74.558
39.767	6.15134
43.9538	28.7084
34.4472	24.2111
33.8306	41.9638
33.9666	45.8473
34.2555	33.5946
44.5229	9.50761
49.828	39.053
33.8093	41.5281
44.1531	50.5899
35.1562	39.1337
43.9535	34.8178
34.4773	47.7568
37.02	42.0603
37.7441	61.0602
35.8633	50.9506
43.5931	83.5785
34.0648	8.59434
33.772	31.4593
34.6747	40.8484
35.1108	38.7843
35.5681	36.8517
18.8529	29.2377
33.8152	51.91
37.9188	36.3322
34.4246	57.3905
49.4502	60.6514
51.4323	48.6984
37.1887	16.1904
35.7178	35.7427
34.3572	16.0952
43.6076	64.0447
38.2532	48.7243
35.7448	39.955
34.013	18.3554
39.1871	31.4722
44.1693	53.6316
49.8707	34.2608
36.96	5.68108
34.1443	56.2026
41.5673	25.6519
39.1296	55.9864
37.891	40.3772
34.3268	41.5373
33.8664	24.2367
38.3963	62.3569
44.2684	79.8653
35.2511	24.7035
38.6127	40.5677
37.7154	41.7675
36.5736	69.3075
45.6907	44.5263
34.2458	42.8999
39.5793	73.7282
54.6879	78.7633
45.3125	9.22713
36.6994	46.7727
34.1677	77.7012
38.5306	47.2945
34.855	64.9311
34.7907	70.8852
34.2835	73.1118
39.1989	61.4458
33.8519	7.29327
35.8164	50.2395
33.8774	39.9288
35.0884	33.5686
36.7387	58.8344
34.0668	15.5691
39.9856	58.7
56.958	58.6196
50.1677	86.9778
46.2131	36.105
43.9314	58.1495
34.7219	19.6785
43.171	77.642
54.1591	45.2198
34.5734	52.3362
41.2829	20.4801
41.0437	80.7515
38.8836	10.9559
46.5239	60.9487
45.1716	37.4181
34.0658	72.7695
48.1807	55.1438
40.8805	44.1347
41.3937	46.1475
36.4412	69.0915
35.8829	31.2647
33.7793	44.7261
54.6305	81.533
42.2553	38.317
27.0325	60.0569
34.756	29.0095
54.3893	68.8398
40.2534	16.0202
33.9425	75.0273
40.4724	55.1112
35.086	39.5737
42.7919	21.0742
33.9703	41.0125
37.4471	46.7865
48.064	54.9893
39.2161	81.3542
42.1492	54.645
35.69	26.0489
39.9912	20.1662
48.4388	25.4222
37.3893	47.9031
33.7914	63.6667
33.7736	41.2838
37.4734	61.7258
37.7836	75.3735
40.1795	81.7143
34.0203	21.1554
44.2408	53.8321
40.6358	47.6991
38.9056	45.639
33.8077	55.9286
33.8185	71.5244
39.5093	41.5908
42.5008	42.4979
42.2944	64.5702
57.7782	43.8764
41.8471	42.3305
56.4793	66.6367
36.7975	13.979
40.6975	33.2629
42.027	55.0555
35.2045	55.1036
33.8825	31.4398
33.78	11.3816
35.7955	25.7269
34.6607	19.0575
33.8773	8.91791
47.9635	66.0593
34.1006	46.9734
45.2054	62.356
39.8269	37.2765
35.7077	15.661
34.7914	10.7186
33.8289	75.75
33.773	64.534
38.388	59.4435
34.2596	22.2165
34.0505	29.7474
54.6262	39.6863
34.0497	6.00958
35.7126	58.8497
38.2861	35.9818
40.8799	69.7379
38.7399	69.6135
33.8986	68.9994
40.0832	43.1525
45.7342	68.8199
35.0833	17.5447
35.6233	17.7648
36.6727	69.8877
33.8876	25.3094
33.8532	31.3282
23.4638	44.825
35.5819	46.8197
34.4217	77.8737
45.2774	28.8395
37.9224	37.6075
39.1367	32.8548
34.0685	40.5865
44.7548	59.55
44.5934	22.7489
37.9947	60.2197
33.8011	69.2311
38.737	30.048
36.1836	21.497
44.023	30.3676
34.0248	57.7278
34.0136	31.6434
34.7564	23.0084
41.4908	56.3167
34.9357	59.4713
43.606	41.3323
35.7455	40.9057
41.8006	47.4993
40.285	53.8213
37.2575	61.0306
34.745	4.50328
36.5381	9.2618
37.6212	57.6468
41.8275	56.2026
33.7955	52.191
56.5027	54.4522
36.6259	41.9027
40.1486	55.7572
33.7874	36.5704
46.3018	53.8012
36.665	21.0174
35.0557	50.0121
39.3729	50.8308
33.7909	42.3513
34.0653	36.3022
43.4064	74.1653
34.1083	33.0649
37.8214	41.6384
35.5069	46.5738
37.3873	9.80475
36.9834	41.3848
36.6603	47.3929
34.9983	33.88
33.7794	32.7431
35.9199	21.5243
46.2565	12.3382
35.8643	84.4086
33.7722	19.2744
39.4945	55.3381
37.075	56.5529
34.3945	83.611
33.7772	47.0477
34.7348	52.4623
34.6361	38.0259
37.8815	78.6422
38.7617	39.3791
38.0784	28.6019
34.8517	8.35299
42.3282	45.5474
34.1672	24.9755
49.2764	19.9964
34.2118	57.3206
38.7759	67.3511
42.0557	55.7205
36.3585	23.7535
36.9968	84.3228
38.1181	28.2589
36.4384	52.7555
34.2871	21.3681
34.0712	61.3111
39.4308	27.5885
36.8659	65.6044
41.3925	67.3694
55.1062	68.9664
33.861	40.2252
18.6517	47.1643
39.0084	49.8522
36.7575	59.5626
33.9804	35.18
33.7862	30.2977
41.4528	35.0238
40.0844	81.2962
33.8002	59.6838
55.5144	88.6324
45.4245	54.3539
46.3706	42.2082
36.4914	38.3779
40.6884	42.382
36.6202	36.4779
38.6076	46.5143
34.3078	39.2688
34.8979	64.1723
45.4837	11.7974
41.8629	28.7061
54.4833	57.1576
44.6473	57.7301
34.0735	34.6397
39.1519	28.0502
35.5786	42.3655
34.0721	26.4402
35.789	24.8191
33.8443	56.5357
40.5018	84.7856
42.1903	41.1442
48.5817	44.9933
34.7035	15.1588
37.1593	57.4325
33.7724	22.8371
34.1812	40.5717
43.66	75.7949
35.9437	69.3716
43.706	35.4994
35.1397	11.7667
40.8326	57.7808
37.8104	66.29
58.6576	32.4261
42.951	59.6034
34.4221	82.3149
38.2008	52.9113
48.9235	49.6495
39.458	38.1966
40.0425	29.3381
38.431	24.8879
33.772	43.4773
37.0834	48.6047
37.9428	20.3814
34.0509	13.1854
33.8476	44.8139
19.1413	43.1416
33.8432	36.1581
33.7723	50.5342
42.0347	34.755
34.2051	12.5487
19.5621	53.1245
43.4768	69.1487
28.271	29.5463
52.5347	54.8362
43.6892	48.6716
40.4512	43.0076
33.7733	62.6695
41.119	48.8389
54.379	58.8618
40.0249	68.6624
44.718	28.7913
37.3763	31.0789
33.7816	48.9405
34.1412	18.8055
42.1623	49.5717
33.8009	64.3075
51.1769	37.2655
34.0806	23.4245
34.8372	38.3263
46.3743	44.3308
37.6358	38.7776
34.1401	45.3794
47.4534	21.4893
33.8304	46.9176
34.8831	46.1836
35.0101	25.7511
33.9032	38.3709
34.674	47.7145
34.1501	86.6864
36.234	76.2639
34.097	8.36243
36.3554	30.0232
34.8345	29.8745
42.6919	46.2424
33.7734	20.8045
37.5002	26.8191
40.6971	37.0056
34.0892	55.0547
42.5695	28.1077
39.1462	50.725
34.5671	68.5199
52.5481	28.7063
40.9751	63.893
43.3432	37.7589
33.8268	75.8866
38.1022	42.6335
34.6152	32.1337
38.8174	32.5468
34.2925	47.1215
34.1185	55.8677
33.928	78.6122
37.2028	63.3422
37.1187	51.4484
34.3544	17.9893
34.0051	71.8092
45.8731	64.8394
54.0935	20.7104
34.7643	37.1438
33.7721	35.6247
36.1967	69.3094
51.994	27.1535
35.6528	35.932
35.4504	15.4374
36.5643	75.7353
38.4395	81.7073
39.2187	51.2432
33.9279	58.9683
38.4151	29.8787
35.8262	34.1336
33.8388	32.8443
35.6722	72.0957
35.927	36.432
34.0014	11.2924
49.8521	51.3398
35.2738	10.6309
42.8377	73.7088
37.7863	35.2297
38.7247	40.3106
37.7452	20.5759
38.5049	71.7998
37.0594	44.045
38.9327	34.228
38.8124	18.9854
51.0192	14.3626
52.9762	40.2298
34.8632	50.4427
33.8329	49.2444
34.1075	75.6956
34.2635	53.9551
39.4917	77.1339
40.3045	81.2043
33.8492	75.4603
39.4496	48.9679
35.6274	18.1561
26.9905	16.2196
33.7906	49.5215
53.159	54.0345
34.6159	72.5415
33.781	34.2039
34.7522	68.7101
33.7773	47.4733
36.8328	32.2888
33.9186	56.2275
53.4983	29.482
35.1031	67.3726
36.144	24.3686
42.696	36.2078
34.1927	51.0258
34.3854	28.3025
36.202	50.8328
38.95	55.3701
34.8041	33.5086
34.6728	19.0425
41.7129	33.5392
34.8959	27.4647
33.7807	15.4126
36.1537	57.4742
37.3799	76.9163
33.7721	62.2828
38.0108	53.9884
46.4224	42.5205
45.6777	62.2603
37.9146	46.2775
33.8548	43.2769
35.4617	42.38
36.7662	63.2541
43.1793	53.8526
34.0527	44.0977
54.9989	35.4229
54.3844	29.5926
35.3886	62.2888
34.6521	79.7333
34.1727	78.9941
42.9928	47.7224
36.1423	58.2513
23.8879	79.7156
38.5305	40.7333
36.7878	15.4899
43.7807	63.3862
36.1555	38.9895
56.8695	45.3715
33.8666	85.6798
44.9104	20.6981
33.8431	48.5543
34.5291	25.6448
42.772	73.9617
33.8542	26.1341
36.5428	40.461
52.0912	24.2497
38.1739	19.4963
33.8293	15.3056
33.9596	47.8373
34.1733	61.4165
33.9089	30.8408
34.0682	73.7104
45.0352	31.3141
35.9941	25.4629
37.0076	60.2976
39.7278	14.9903
38.8314	20.0054
61.3931	23.1246
50.6498	40.4139
36.2629	47.1548
37.7689	48.8588
41.09	49.9144
35.655	61.4803
39.0602	18.3944
41.3119	45.8477
34.1492	35.2961
35.0583	51.3485
37.2196	58.19
35.7611	25.5235
33.7743	30.4114
35.7912	56.9035
51.7009	39.404
34.9569	79.3816
38.6737	34.6303
34.6229	53.4257
33.81	32.4389
33.9491	34.1661
38.3553	22.5158
34.3569	64.5377
35.6563	46.3512
37.3022	26.6349
41.5346	24.732
35.0437	77.4687
50.2434	58.6525
49.9029	64.6563
34.0812	35.1579
40.8227	45.7784
49.3659	44.2827
33.7874	46.0909
42.4777	64.6498
56.2236	70.0801
43.2272	14.7453
34.1377	36.7549
36.4368	44.1781
40.0396	40.5704
47.7112	51.1911
40.6411	75.5361
44.8414	52.7911
35.379	75.8979
56.7581	66.8222
34.9488	40.3171
34.2675	57.3337
45.0417	56.791
36.7114	9.51187
39.8301	19.369
37.9209	50.2099
40.7495	56.7689
34.2307	18.6123
35.7556	50.145
